C,C_src,AR,AR_src,Inv,Inv_src,K,K_src,AP,AP_src,STD,STD_src,LTD,LTD_src,TA,TA_src,TL,TL_src,TCA,TCA_src,TCL,TCL_src,E_report,E_report_src,E_gross_report,E_gross_report_src,MI_report,MI_report_src,date,freq,S,S_src,COGS,COGS_src,OPEX,OPEX_src,I,I_src,NI,NI_src,Tax,Tax_src,DA,DA_src,EquityIssues,EquityIssues_src,NewDebt,NewDebt_src,Repay,Repay_src,CapEx,CapEx_src,Div,Div_src,Buyback,Buyback_src,DA_cf,DA_cf_src,period_days,ticker,sector,mask_C,mask_AR,mask_Inv,mask_K,mask_AP,mask_STD,mask_LTD,mask_TA,mask_TL,mask_TCA,mask_TCL,mask_E_gross_report,mask_S,mask_COGS,mask_OPEX,mask_I,mask_NI,mask_Tax,mask_DA,mask_CapEx,mask_EquityIssues,mask_NewDebt,mask_Repay,mask_Div,mask_Buyback,E_implied,mask_E_implied,audit_A_minus_L_plus_E,audit_A_minus_L_plus_E_implied,OCA_implied,ONCA_implied,OCL_implied,ONCL_implied,year,month,logS,logS_growth,m_gross,m_opex,dso_impl,dio_impl,dpo_impl,capex_to_sales,dep_to_ppe,cash_to_sales,debt_to_assets,alpha_OCA,alpha_ONCA,alpha_OCL,alpha_ONCL,DSO,DIO,DPO,kappa,delta,payout,neteq_to_sales,phi,r_ST,r_LT,tau,year_norm,q_sin,q_cos,dt_norm,horizon_norm
367500000.0,Cash And Cash Equivalents,130300000.0,Accounts Receivable,,,157600000.0,Net PPE,51700000.0,Accounts Payable,8300000.0,Current Debt,1124400000.0,Long Term Debt,7166200000.0,Total Assets,4938700000.0,Total Liabilities Net Minority Interest,4144100000.0,Current Assets,3741900000.0,Current Liabilities,2227500000.0,Total Equity Gross Minority Interest,2227500000.0,Total Equity Gross Minority Interest,2227500000.0,Total Equity Gross Minority Interest,2021-12-31,A,1024200000.0,Total Revenue,641900000.0,Cost Of Revenue,417800000.0,Operating Expense,35900000.0,Interest Expense,-75400000.0,Net Income,-14900000.0,Tax Provision,53600000.0,,,,2570400000.0,Issuance Of Debt+Long Term Debt Issuance+Issuance Of Debt,1506200000.0,Repayment Of Debt+Long Term Debt Payments+Repayment Of Debt+Short Term Debt Payments+Long Term Debt Payments,63700000.0,Capital Expenditure,,,,,53600000.0,Depreciation,365.0,DAY,Industrials,1,1,0,1,1,1,1,1,1,1,1,1,1,1,1,1,1,1,0,1,0,1,1,0,0,2227500000.0,1,0.0,0.0,,2864500000.0,3681900000.0,72400000.0,2021,12,20.747177656992726,,0.3732669400507713,0.40792813903534464,46.43575473540324,,29.397881289920548,0.062194883811755516,,0.3588166373755126,0.15806145516452233,,1.0,0.5,0.07068931849248193,46.43575473540324,,29.397881289920548,0.062194883811755516,,0.0,,0.3588166373755126,,,0.0,0.0,-1.0,-1.8369701987210297e-16,1.0,0.0
431900000.0,Cash And Cash Equivalents,143000000.0,Accounts Receivable,,,199200000.0,Net PPE,54300000.0,Accounts Payable,7800000.0,Current Debt,1213400000.0,Long Term Debt,8463500000.0,Total Assets,6354100000.0,Total Liabilities Net Minority Interest,5440300000.0,Current Assets,5079800000.0,Current Liabilities,2109400000.0,Total Equity Gross Minority Interest,2109400000.0,Total Equity Gross Minority Interest,2109400000.0,Total Equity Gross Minority Interest,2022-12-31,A,1246200000.0,Total Revenue,773000000.0,Cost Of Revenue,499000000.0,Operating Expense,28600000.0,Interest Expense,-73400000.0,Net Income,10500000.0,Tax Provision,58100000.0,,0.0,Net Common Stock Issuance,0.0,Issuance Of Debt+Long Term Debt Issuance+Issuance Of Debt,33600000.0,Repayment Of Debt+Long Term Debt Payments+Repayment Of Debt+Short Term Debt Payments+Long Term Debt Payments,94500000.0,Capital Expenditure,,,0.0,Repurchase Of Capital Stock+Repurchase Of Capital Stock,58100000.0,Depreciation,365.0,DAY,Industrials,1,1,0,1,1,1,1,1,1,1,1,1,1,1,1,1,1,1,0,1,1,1,1,0,1,2109400000.0,1,0.0,0.0,,2824000000.0,5017700000.0,60900000.0,2022,12,20.943364758074395,0.19618710108166937,0.37971433156796663,0.40041726849622855,41.88332530893918,,25.639715394566622,0.07583052479537795,0.3686548223350254,0.3465735836944311,0.1442901872747681,,1.0,0.5,0.048868560423688014,41.88332530893918,,25.639715394566622,0.07583052479537795,0.3686548223350254,0.0,0.0,0.3465735836944311,0.025249404078749888,0.025249404078749888,0.0,0.2,-1.0,-1.8369701987210297e-16,1.0,0.0
570300000.0,Cash And Cash Equivalents,177500000.0,Accounts Receivable,,,229200000.0,Net PPE,66700000.0,Accounts Payable,7600000.0,Current Debt,1210100000.0,Long Term Debt,9010900000.0,Total Assets,6612700000.0,Total Liabilities Net Minority Interest,5955200000.0,Current Assets,5334900000.0,Current Liabilities,2398200000.0,Total Equity Gross Minority Interest,2398200000.0,Total Equity Gross Minority Interest,2398200000.0,Total Equity Gross Minority Interest,2023-12-31,A,1513700000.0,Total Revenue,867200000.0,Cost Of Revenue,513400000.0,Operating Expense,36100000.0,Interest Expense,54800000.0,Net Income,41200000.0,Tax Provision,72000000.0,,0.0,Net Common Stock Issuance,0.0,Issuance Of Debt+Long Term Debt Issuance+Issuance Of Debt,31600000.0,Repayment Of Debt+Long Term Debt Payments+Repayment Of Debt+Long Term Debt Payments,114400000.0,Capital Expenditure,,,0.0,Repurchase Of Capital Stock+Repurchase Of Capital Stock,72000000.0,Depreciation,365.0,DAY,Industrials,1,1,0,1,1,1,1,1,1,1,1,1,1,1,1,1,1,1,0,1,1,1,1,0,1,2398200000.0,1,0.0,0.0,,2826500000.0,5260600000.0,67700000.0,2023,12,21.137822821732794,0.19445806365839857,0.42709916099623435,0.3391689238290282,42.80075312149039,,28.073685424354245,0.07557640219330118,0.3614457831325301,0.3767589350597873,0.135136334883308,,1.0,0.5,0.044724846402853936,42.80075312149039,,28.073685424354245,0.07557640219330118,0.3614457831325301,,0.0,0.3767589350597873,0.02956108745496233,0.02956108745496233,0.42916666666666664,0.4,-1.0,-1.8369701987210297e-16,1.0,0.0
,,205600000.0,Non Current Accounts Receivable,,,,,,,,,,,,,,,,,,,,,,,,,2024-06-30,Q,,,,,,,,,,,,,50600000.0,Depreciation And Amortization In Income Statement,,,,,,,,,,,,,,,91.25,DAY,Industrials,0,1,0,0,0,0,0,0,0,0,0,0,0,0,0,0,0,0,1,0,0,0,0,0,0,,0,,,,,,,2024,6,,,,,,,,,0.22076788830715532,,,,,,,,,,,0.22076788830715532,,,,,,,0.6,1.0,6.123233995736766e-17,0.25,0.0
494100000.0,Cash And Cash Equivalents,212700000.0,Accounts Receivable,,,243000000.0,Net PPE,73100000.0,Accounts Payable,7300000.0,Current Debt,1209900000.0,Long Term Debt,8117000000.0,Total Assets,5561000000.0,Total Liabilities Net Minority Interest,4903900000.0,Current Assets,4277900000.0,Current Liabilities,2556000000.0,Total Equity Gross Minority Interest,2556000000.0,Total Equity Gross Minority Interest,2556000000.0,Total Equity Gross Minority Interest,2024-09-30,Q,440000000.0,Total Revenue,217900000.0,Cost Of Revenue,201300000.0,Operating Expense,8800000.0,Interest Expense,2000000.0,Net Income,16300000.0,Tax Provision,52100000.0,,0.0,Net Common Stock Issuance,0.0,Issuance Of Debt+Long Term Debt Issuance+Issuance Of Debt,7200000.0,Repayment Of Debt+Long Term Debt Payments+Repayment Of Debt+Long Term Debt Payments,28400000.0,Capital Expenditure,,,57600000.0,Repurchase Of Capital Stock+Repurchase Of Capital Stock,52100000.0,Depreciation And Amortization,91.25,DAY,Industrials,1,1,0,1,1,1,1,1,1,1,1,1,1,1,1,1,1,1,0,1,1,1,1,0,1,2556000000.0,1,0.0,0.0,,2970100000.0,4197500000.0,73200000.0,2024,9,19.90228528487658,,0.5047727272727273,0.4575,44.111079545454544,,30.612092703074804,0.06454545454545454,,1.1229545454545455,0.14995688062091905,,1.0,0.5,0.16636363636363635,44.111079545454544,,30.612092703074804,0.06454545454545454,,,-0.13090909090909092,0.5,,,0.5,0.6,1.2246467991473532e-16,-1.0,0.25,0.0
579700000.0,Cash And Cash Equivalents,226900000.0,Accounts Receivable,,,236000000.0,Net PPE,77000000.0,Accounts Payable,7300000.0,Current Debt,1209100000.0,Long Term Debt,9117000000.0,Total Assets,6570700000.0,Total Liabilities Net Minority Interest,5983500000.0,Current Assets,5314800000.0,Current Liabilities,2546300000.0,Total Equity Gross Minority Interest,2546300000.0,Total Equity Gross Minority Interest,2546300000.0,Total Equity Gross Minority Interest,2024-12-31,Q,465200000.0,Total Revenue,246600000.0,Cost Of Revenue,190100000.0,Operating Expense,7400000.0,Interest Expense,10800000.0,Net Income,-9900000.0,Tax Provision,58300000.0,,0.0,Net Common Stock Issuance,0.0,Issuance Of Debt+Long Term Debt Issuance+Issuance Of Debt,7200000.0,Repayment Of Debt+Long Term Debt Payments+Repayment Of Debt+Long Term Debt Payments,26800000.0,Capital Expenditure,,,14600000.0,Repurchase Of Capital Stock+Repurchase Of Capital Stock,58300000.0,Depreciation And Amortization,91.25,DAY,Industrials,1,1,0,1,1,1,1,1,1,1,1,1,1,1,1,1,1,1,0,1,1,1,1,0,1,2546300000.0,1,0.0,0.0,,2897500000.0,5230500000.0,46800000.0,2024,12,19.957977978608785,0.055692693732204646,0.4699054170249355,0.4086414445399828,44.50693250214961,,28.492497972424978,0.05760963026655202,0.23991769547325104,1.2461306964746346,0.13342108149610618,,1.0,0.5,0.10060189165950129,44.50693250214961,,28.492497972424978,0.05760963026655202,0.23991769547325104,,-0.031384350816852966,0.5,0.0060795267827801515,0.0060795267827801515,0.5,0.6,-1.0,-1.8369701987210297e-16,0.25,0.0
557300000.0,Cash And Cash Equivalents,244000000.0,Accounts Receivable,,,241600000.0,Net PPE,86000000.0,Accounts Payable,582300000.0,Current Debt,632400000.0,Long Term Debt,9499500000.0,Total Assets,6907400000.0,Total Liabilities Net Minority Interest,6358000000.0,Current Assets,6226400000.0,Current Liabilities,2592100000.0,Total Equity Gross Minority Interest,2592100000.0,Total Equity Gross Minority Interest,2592100000.0,Total Equity Gross Minority Interest,2025-03-31,Q,481800000.0,Total Revenue,239000000.0,Cost Of Revenue,211800000.0,Operating Expense,7900000.0,Interest Expense,14900000.0,Net Income,4200000.0,Tax Provision,53900000.0,Depreciation And Amortization In Income Statement,0.0,Net Common Stock Issuance,0.0,Issuance Of Debt+Long Term Debt Issuance+Issuance Of Debt,7200000.0,Repayment Of Debt+Long Term Debt Payments+Repayment Of Debt+Long Term Debt Payments,30100000.0,Capital Expenditure,,,60200000.0,Repurchase Of Capital Stock+Repurchase Of Capital Stock,53900000.0,Depreciation And Amortization,91.25,DAY,Industrials,1,1,0,1,1,1,1,1,1,1,1,1,1,1,1,1,1,1,1,1,1,1,1,0,1,2592100000.0,1,0.0,0.0,,2899900000.0,5558100000.0,48600000.0,2025,3,19.993039648145047,0.035061669536261775,0.5039435450394354,0.4396014943960149,46.21212121212121,,32.83472803347281,0.06247405562474056,0.22838983050847458,1.1567040265670403,0.12786988788883624,,1.0,0.5,0.10087173100871731,46.21212121212121,,32.83472803347281,0.06247405562474056,0.22838983050847458,,-0.12494811124948112,0.5,0.006494574153239066,0.006494574153239066,0.2198952879581152,0.8,0.0,1.0,0.25,0.0
625200000.0,Cash And Cash Equivalents,238000000.0,Accounts Receivable,,,248800000.0,Net PPE,85100000.0,Accounts Payable,582300000.0,Current Debt,631800000.0,Long Term Debt,8500800000.0,Total Assets,5798500000.0,Total Liabilities Net Minority Interest,5314300000.0,Current Assets,5117800000.0,Current Liabilities,2702300000.0,Total Equity Gross Minority Interest,2702300000.0,Total Equity Gross Minority Interest,2702300000.0,Total Equity Gross Minority Interest,2025-06-30,Q,464700000.0,Total Revenue,226600000.0,Cost Of Revenue,195800000.0,Operating Expense,7100000.0,Interest Expense,21300000.0,Net Income,17000000.0,Tax Provision,53200000.0,Depreciation And Amortization In Income Statement,0.0,Net Common Stock Issuance,0.0,Issuance Of Debt+Long Term Debt Issuance+Issuance Of Debt,7200000.0,Repayment Of Debt+Long Term Debt Payments+Repayment Of Debt+Long Term Debt Payments,25600000.0,Capital Expenditure,,,41600000.0,Repurchase Of Capital Stock+Repurchase Of Capital Stock,53200000.0,Depreciation And Amortization,91.25,DAY,Industrials,1,1,0,1,1,1,1,1,1,1,1,1,1,1,1,1,1,1,1,1,1,1,1,0,1,2702300000.0,1,0.0,0.0,,2937700000.0,4450400000.0,48900000.0,2025,6,19.956902594055208,-0.03613705408983847,0.5123735743490424,0.4213471056595653,46.73445233483968,,34.269086496028244,0.05508930492791048,0.22019867549668873,1.3453841187863138,0.1428218520609825,,1.0,0.5,0.105229180116204,46.73445233483968,,34.269086496028244,0.05508930492791048,0.22019867549668873,,-0.08952012050785453,0.5,0.0058450646250102906,0.0058450646250102906,0.44386422976501305,0.8,1.0,6.123233995736766e-17,0.25,0.0
627600000.0,Cash And Cash Equivalents,268000000.0,Accounts Receivable,,,243500000.0,Net PPE,88900000.0,Accounts Payable,582300000.0,Current Debt,631100000.0,Long Term Debt,8676200000.0,Total Assets,5981500000.0,Total Liabilities Net Minority Interest,5531500000.0,Current Assets,5302000000.0,Current Liabilities,2694700000.0,Total Equity Gross Minority Interest,2694700000.0,Total Equity Gross Minority Interest,2694700000.0,Total Equity Gross Minority Interest,2025-09-30,Q,481600000.0,Total Revenue,238800000.0,Cost Of Revenue,212300000.0,Operating Expense,6700000.0,Interest Expense,-196800000.0,Net Income,43900000.0,Tax Provision,44300000.0,Depreciation And Amortization In Income Statement,0.0,Net Common Stock Issuance,0.0,Issuance Of Debt+Long Term Debt Issuance+Issuance Of Debt,7600000.0,Repayment Of Debt+Long Term Debt Payments+Repayment Of Debt+Long Term Debt Payments,26200000.0,Capital Expenditure,,,18000000.0,Repurchase Of Capital Stock+Repurchase Of Capital Stock,44300000.0,Depreciation And Amortization,91.25,DAY,Industrials,1,1,0,1,1,1,1,1,1,1,1,1,1,1,1,1,1,1,1,1,1,1,1,0,1,2694700000.0,1,0.0,0.0,,2901200000.0,4630800000.0,48400000.0,2025,9,19.992624451958886,0.035721857903677545,0.5041528239202657,0.44082225913621265,50.778654485049834,,33.97037269681742,0.05440199335548173,0.17805466237942122,1.303156146179402,0.13985385306931605,,1.0,0.5,0.1004983388704319,50.778654485049834,,33.97037269681742,0.05440199335548173,0.17805466237942122,0.0,-0.03737541528239203,0.5,0.005518491063339099,0.005518491063339099,0.0,0.8,1.2246467991473532e-16,-1.0,0.25,0.0
